# Created by Octave 3.2.4, Wed Oct 24 01:55:50 2012 BRT <caio@ghost1>
# name: xy
# type: matrix
# rows: 100
# columns: 2
 0 0
 0.101010101010101 0.01020304050607081
 0.202020202020202 0.04081216202428323
 0.303030303030303 0.09182736455463729
 0.404040404040404 0.1632486480971329
 0.5050505050505051 0.2550760126517703
 0.6060606060606061 0.3673094582185492
 0.7070707070707071 0.4999489847974696
 0.8080808080808081 0.6529945923885317
 0.9090909090909091 0.8264462809917354
 1.01010101010101 1.020304050607081
 1.111111111111111 1.234567901234568
 1.212121212121212 1.469237832874197
 1.313131313131313 1.724313845525967
 1.414141414141414 1.999795939189879
 1.515151515151515 2.295684113865932
 1.616161616161616 2.611978369554127
 1.717171717171717 2.948678706254463
 1.818181818181818 3.305785123966942
 1.919191919191919 3.683297622691562
 2.02020202020202 4.081216202428324
 2.121212121212121 4.499540863177226
 2.222222222222222 4.938271604938272
 2.323232323232323 5.397408427711458
 2.424242424242424 5.876951331496787
 2.525252525252525 6.376900316294255
 2.626262626262626 6.897255382103867
 2.727272727272727 7.438016528925619
 2.828282828282828 7.999183756759514
 2.929292929292929 8.58075706560555
 3.03030303030303 9.182736455463727
 3.131313131313131 9.805121926334046
 3.232323232323232 10.44791347821651
 3.333333333333333 11.11111111111111
 3.434343434343434 11.79471482501785
 3.535353535353535 12.49872461993674
 3.636363636363636 13.22314049586777
 3.737373737373737 13.96796245281094
 3.838383838383838 14.73319049076625
 3.939393939393939 15.5188246097337
 4.040404040404041 16.3248648097133
 4.141414141414141 17.15131109070503
 4.242424242424242 17.9981634527089
 4.343434343434343 18.86542189572492
 4.444444444444445 19.75308641975309
 4.545454545454545 20.66115702479338
 4.646464646464646 21.58963371084583
 4.747474747474747 22.53851647791042
 4.848484848484849 23.50780532598715
 4.94949494949495 24.49750025507602
 5.05050505050505 25.50760126517702
 5.151515151515151 26.53810835629017
 5.252525252525253 27.58902152841547
 5.353535353535354 28.66034078155291
 5.454545454545454 29.75206611570248
 5.555555555555555 30.8641975308642
 5.656565656565657 31.99673502703806
 5.757575757575758 33.14967860422406
 5.858585858585858 34.3230282624222
 5.959595959595959 35.51678400163248
 6.060606060606061 36.73094582185491
 6.161616161616162 37.96551372308948
 6.262626262626262 39.22048770533618
 6.363636363636363 40.49586776859504
 6.464646464646465 41.79165391286603
 6.565656565656566 43.10784613814917
 6.666666666666667 44.44444444444445
 6.767676767676767 45.80144883175186
 6.868686868686869 47.17885930007142
 6.96969696969697 48.57667584940312
 7.070707070707071 49.99489847974696
 7.171717171717171 51.43352719110294
 7.272727272727272 52.89256198347107
 7.373737373737374 54.37200285685134
 7.474747474747475 55.87184981124376
 7.575757575757575 57.39210284664829
 7.676767676767676 58.93276196306499
 7.777777777777778 60.49382716049382
 7.878787878787879 62.0752984389348
 7.979797979797979 63.67717579838791
 8.080808080808081 65.29945923885319
 8.181818181818182 66.94214876033058
 8.282828282828282 68.6052443628201
 8.383838383838384 70.2887460463218
 8.484848484848484 71.99265381083562
 8.585858585858587 73.7169676563616
 8.686868686868687 75.4616875828997
 8.787878787878787 77.22681359044994
 8.888888888888889 79.01234567901236
 8.98989898989899 80.81828384858687
 9.09090909090909 82.64462809917353
 9.191919191919192 84.49137843077237
 9.292929292929292 86.35853484338332
 9.393939393939394 88.24609733700643
 9.494949494949495 90.15406591164167
 9.595959595959595 92.08244056728904
 9.696969696969697 94.03122130394858
 9.797979797979798 96.00040812162024
 9.8989898989899 97.99000102030406
 10 100
