# Created by Octave 3.2.4, Tue Oct 30 19:02:10 2012 BRT <caio@ghost1>
# name: x
# type: matrix
# rows: 1
# columns: 10
 0 1.111111111111111 2.222222222222222 3.333333333333333 4.444444444444445 5.555555555555555 6.666666666666667 7.777777777777779 8.888888888888889 10
# name: y
# type: matrix
# rows: 1
# columns: 10
 0 0.8961922010299563 0.7952200570230491 -0.1905679628754854 -0.9643171169287782 -0.6651015149788224 0.37415123057122 0.9970978909438749 0.510605678474283 -0.5440211108893698
